Image size

640 480

group

imagePoints

555.412 295.037
522.21 297.753
488.446 300.727
453.891 303.554
419.219 306.468
384.252 309.402
348.528 312.432
312.598 315.423
276.099 318.683
539.348 278.274
507.6 280.733
475.377 283.509
442.426 286.194
409.414 288.71
376.17 291.459
342.321 293.937
308.133 297.043
273.476 299.789
524.785 262.942
494.407 265.373
463.494 267.777
432.079 270.183
400.498 272.782
368.801 275.077
336.515 277.704
304.086 280.361
271.013 282.981
511.323 249.016
482.134 251.393
452.602 253.387
422.527 255.325
392.488 257.847
362.18 260.301
331.405 262.474
300.364 265.139
268.879 267.476
499.099 236.135
467.225 233.356
442.61 240.474
410.47 237.551
381.62 238.434
353.702 241.674
324.693 242.964
297.003 251.346
266.807 253.45
484.075 220.473
467.12 233.275
430.688 224.657
406.401 230.773
376.456 229.165
350.397 233.532
322.257 236.473
293.733 237.403
264.943 240.488

modelPoints

0 0 0
0.027 0 0
0.054 0 0
0.081 0 0
0.108 0 0
0.135 0 0
0.162 0 0
0.189 0 0
0.216 0 0
0 0.027 0
0.027 0.027 0
0.054 0.027 0
0.081 0.027 0
0.108 0.027 0
0.135 0.027 0
0.162 0.027 0
0.189 0.027 0
0.216 0.027 0
0 0.054 0
0.027 0.054 0
0.054 0.054 0
0.081 0.054 0
0.108 0.054 0
0.135 0.054 0
0.162 0.054 0
0.189 0.054 0
0.216 0.054 0
0 0.081 0
0.027 0.081 0
0.054 0.081 0
0.081 0.081 0
0.108 0.081 0
0.135 0.081 0
0.162 0.081 0
0.189 0.081 0
0.216 0.081 0
0 0.108 0
0.027 0.108 0
0.054 0.108 0
0.081 0.108 0
0.108 0.108 0
0.135 0.108 0
0.162 0.108 0
0.189 0.108 0
0.216 0.108 0
0 0.135 0
0.027 0.135 0
0.054 0.135 0
0.081 0.135 0
0.108 0.135 0
0.135 0.135 0
0.162 0.135 0
0.189 0.135 0
0.216 0.135 0

group

imagePoints

440.283 222.56
440.299 222.59
446.024 235.652
453.901 254.1
460.216 268.448
466.974 284.295
474.604 301.851
483.15 321.395
492.488 342.979
412.755 223.598
412.776 223.643
416.575 235.424
422.883 254.336
427.632 268.66
432.853 284.457
438.679 301.716
445.23 321.463
452.45 343.041
385.014 223.939
385.113 224.2
387.734 236.309
391.988 254.456
395.352 268.937
398.993 284.375
403.074 302.143
407.541 321.564
412.556 343.271
357.411 224.738
357.447 225.045
358.731 236.116
361.205 254.361
362.968 269.037
365.092 284.712
367.315 302.149
369.778 321.608
372.613 343.331
329.816 224.557
329.829 224.922
330.006 235.749
330.573 255.113
331.02 269.38
331.425 284.826
331.955 302.24
332.452 321.844
333.135 343.494
302.163 224.679
302.148 224.943
301.58 236.35
300.116 255.401
299.091 269.55
297.853 285.283
296.591 302.824
295.193 322.074
293.551 343.603

modelPoints

0 0 0
0.027 0 0
0.054 0 0
0.081 0 0
0.108 0 0
0.135 0 0
0.162 0 0
0.189 0 0
0.216 0 0
0 0.027 0
0.027 0.027 0
0.054 0.027 0
0.081 0.027 0
0.108 0.027 0
0.135 0.027 0
0.162 0.027 0
0.189 0.027 0
0.216 0.027 0
0 0.054 0
0.027 0.054 0
0.054 0.054 0
0.081 0.054 0
0.108 0.054 0
0.135 0.054 0
0.162 0.054 0
0.189 0.054 0
0.216 0.054 0
0 0.081 0
0.027 0.081 0
0.054 0.081 0
0.081 0.081 0
0.108 0.081 0
0.135 0.081 0
0.162 0.081 0
0.189 0.081 0
0.216 0.081 0
0 0.108 0
0.027 0.108 0
0.054 0.108 0
0.081 0.108 0
0.108 0.108 0
0.135 0.108 0
0.162 0.108 0
0.189 0.108 0
0.216 0.108 0
0 0.135 0
0.027 0.135 0
0.054 0.135 0
0.081 0.135 0
0.108 0.135 0
0.135 0.135 0
0.162 0.135 0
0.189 0.135 0
0.216 0.135 0

group

imagePoints

477.574 269.618
477.572 269.666
475.425 279.301
473.217 290.262
470.482 301.577
466.677 319.854
463.64 334.076
460.41 349.387
456.732 366.343
451.553 266.724
451.527 266.821
448.522 276.469
445.027 286.589
441.506 297.956
437.775 309.707
431.483 329.378
426.673 344.507
421.518 360.783
426.218 264.294
424.199 268.592
422.059 273.356
417.731 283.925
413.513 294.124
408.159 306.246
400.298 325.2
394.206 339.683
387.46 355.565
402.734 259.297
399.115 266.155
394.036 274.897
391.181 280.076
385.527 291.303
379.903 301.92
369.952 320.727
362.498 334.985
354.407 350.448
377.263 258.917
374.578 263.078
371.684 267.514
365.578 277.86
359.207 287.536
351.815 299.28
340.779 316.489
332.1 330.62
322.57 345.542
355.859 253.655
350.627 260.688
347.345 265.453
340.638 274.343
333.065 285.014
325.287 295.209
312.412 313.043
302.484 326.316
291.76 340.731

modelPoints

0 0 0
0.027 0 0
0.054 0 0
0.081 0 0
0.108 0 0
0.135 0 0
0.162 0 0
0.189 0 0
0.216 0 0
0 0.027 0
0.027 0.027 0
0.054 0.027 0
0.081 0.027 0
0.108 0.027 0
0.135 0.027 0
0.162 0.027 0
0.189 0.027 0
0.216 0.027 0
0 0.054 0
0.027 0.054 0
0.054 0.054 0
0.081 0.054 0
0.108 0.054 0
0.135 0.054 0
0.162 0.054 0
0.189 0.054 0
0.216 0.054 0
0 0.081 0
0.027 0.081 0
0.054 0.081 0
0.081 0.081 0
0.108 0.081 0
0.135 0.081 0
0.162 0.081 0
0.189 0.081 0
0.216 0.081 0
0 0.108 0
0.027 0.108 0
0.054 0.108 0
0.081 0.108 0
0.108 0.108 0
0.135 0.108 0
0.162 0.108 0
0.189 0.108 0
0.216 0.108 0
0 0.135 0
0.027 0.135 0
0.054 0.135 0
0.081 0.135 0
0.108 0.135 0
0.135 0.135 0
0.162 0.135 0
0.189 0.135 0
0.216 0.135 0

group

imagePoints

527.154 376.016
473.331 376.77
419.275 377.522
365.009 378.097
311.155 379.028
257.221 380.05
202.528 381.3
147.937 382.261
93.6087 383.145
512.66 339.001
462.39 339.531
411.989 340.178
361.451 340.827
311.417 341.593
261.315 342.572
210.373 343.506
159.481 344.756
108.564 345.458
500.044 306.667
452.714 307.299
405.553 307.716
358.367 308.377
311.559 309.351
264.756 309.707
217.258 310.981
169.493 311.887
121.714 312.761
488.742 278.149
444.317 278.776
400.079 279.241
355.714 279.463
311.752 280.536
267.849 281.325
223.249 281.89
178.417 282.978
133.433 283.621
478.884 252.747
436.987 253.173
395.178 254.279
353.385 254.855
311.996 255.516
270.521 255.879
228.466 256.551
186.252 257.525
143.737 258.169
470.091 230.255
430.37 231.061
390.782 231.574
351.276 232.487
312.11 232.867
272.866 233.509
233.04 234.215
193.121 234.658
152.877 235.141

modelPoints

0 0 0
0.027 0 0
0.054 0 0
0.081 0 0
0.108 0 0
0.135 0 0
0.162 0 0
0.189 0 0
0.216 0 0
0 0.027 0
0.027 0.027 0
0.054 0.027 0
0.081 0.027 0
0.108 0.027 0
0.135 0.027 0
0.162 0.027 0
0.189 0.027 0
0.216 0.027 0
0 0.054 0
0.027 0.054 0
0.054 0.054 0
0.081 0.054 0
0.108 0.054 0
0.135 0.054 0
0.162 0.054 0
0.189 0.054 0
0.216 0.054 0
0 0.081 0
0.027 0.081 0
0.054 0.081 0
0.081 0.081 0
0.108 0.081 0
0.135 0.081 0
0.162 0.081 0
0.189 0.081 0
0.216 0.081 0
0 0.108 0
0.027 0.108 0
0.054 0.108 0
0.081 0.108 0
0.108 0.108 0
0.135 0.108 0
0.162 0.108 0
0.189 0.108 0
0.216 0.108 0
0 0.135 0
0.027 0.135 0
0.054 0.135 0
0.081 0.135 0
0.108 0.135 0
0.135 0.135 0
0.162 0.135 0
0.189 0.135 0
0.216 0.135 0

group

imagePoints

301.343 331.702
287.37 302.375
275.017 276.462
263.792 253.139
253.747 232.282
244.584 213.308
236.272 195.956
228.544 180.152
221.523 165.539
347.253 320.547
330.846 292.47
316.333 267.653
303.266 245.178
291.455 225.109
280.785 206.767
270.925 189.852
262.036 174.665
253.68 160.529
391.346 309.949
372.619 283.093
356.14 259.181
341.157 237.431
327.784 218.247
315.625 200.33
304.522 184.286
294.341 169.426
284.861 155.629
434.016 299.822
413.291 274.119
394.732 250.812
378.11 229.573
363.176 211.302
349.633 194.293
337.206 178.493
325.8 164.195
315.359 150.762
475.187 290.134
452.462 264.931
432.136 243.225
413.769 222.984
397.363 204.719
382.433 188.098
368.739 172.723
356.337 159.119
344.601 146.098
514.601 280.619
490.278 256.812
468.316 235.313
448.473 215.9
430.651 198.195
414.441 182.168
399.484 167.475
385.911 153.823
373.439 141.303

modelPoints

0 0 0
0.027 0 0
0.054 0 0
0.081 0 0
0.108 0 0
0.135 0 0
0.162 0 0
0.189 0 0
0.216 0 0
0 0.027 0
0.027 0.027 0
0.054 0.027 0
0.081 0.027 0
0.108 0.027 0
0.135 0.027 0
0.162 0.027 0
0.189 0.027 0
0.216 0.027 0
0 0.054 0
0.027 0.054 0
0.054 0.054 0
0.081 0.054 0
0.108 0.054 0
0.135 0.054 0
0.162 0.054 0
0.189 0.054 0
0.216 0.054 0
0 0.081 0
0.027 0.081 0
0.054 0.081 0
0.081 0.081 0
0.108 0.081 0
0.135 0.081 0
0.162 0.081 0
0.189 0.081 0
0.216 0.081 0
0 0.108 0
0.027 0.108 0
0.054 0.108 0
0.081 0.108 0
0.108 0.108 0
0.135 0.108 0
0.162 0.108 0
0.189 0.108 0
0.216 0.108 0
0 0.135 0
0.027 0.135 0
0.054 0.135 0
0.081 0.135 0
0.108 0.135 0
0.135 0.135 0
0.162 0.135 0
0.189 0.135 0
0.216 0.135 0

group

imagePoints

333.912 240.021
356.446 246.411
382.251 248.506
408.69 251.302
435.741 253.515
463.575 256.475
491.906 259.287
521.128 261.806
550.475 264.787
331.662 243.335
356.429 246.446
382.231 248.552
408.668 251.417
435.716 253.605
463.569 256.533
491.899 259.356
521.147 262.029
550.477 264.939
324.565 254.173
350.728 255.959
377.29 259.489
404.881 261.641
432.837 265.255
461.624 267.957
491.462 271.082
521.503 274.094
552.546 276.879
317.51 264.359
344.397 267.849
372.415 269.726
400.5 273.602
429.793 276.543
458.812 285.945
490.757 283.259
522.592 293.18
555.459 296.663
305.634 282.053
334.398 284.802
363.437 288.962
393.714 292.454
424.7 296.189
456.644 299.706
489.635 303.532
523.368 307.668
557.661 311.557
296.62 295.342
326.449 299.116
356.91 302.703
388.557 306.825
420.991 310.679
454.366 314.899
488.81 319.312
524.222 323.555
560.199 327.837

modelPoints

0 0 0
0.027 0 0
0.054 0 0
0.081 0 0
0.108 0 0
0.135 0 0
0.162 0 0
0.189 0 0
0.216 0 0
0 0.027 0
0.027 0.027 0
0.054 0.027 0
0.081 0.027 0
0.108 0.027 0
0.135 0.027 0
0.162 0.027 0
0.189 0.027 0
0.216 0.027 0
0 0.054 0
0.027 0.054 0
0.054 0.054 0
0.081 0.054 0
0.108 0.054 0
0.135 0.054 0
0.162 0.054 0
0.189 0.054 0
0.216 0.054 0
0 0.081 0
0.027 0.081 0
0.054 0.081 0
0.081 0.081 0
0.108 0.081 0
0.135 0.081 0
0.162 0.081 0
0.189 0.081 0
0.216 0.081 0
0 0.108 0
0.027 0.108 0
0.054 0.108 0
0.081 0.108 0
0.108 0.108 0
0.135 0.108 0
0.162 0.108 0
0.189 0.108 0
0.216 0.108 0
0 0.135 0
0.027 0.135 0
0.054 0.135 0
0.081 0.135 0
0.108 0.135 0
0.135 0.135 0
0.162 0.135 0
0.189 0.135 0
0.216 0.135 0

group

imagePoints

554.406 263.657
495.348 264.886
435.874 266.318
376.444 267.461
317.646 268.664
258.727 269.992
198.58 271.493
137.976 272.74
77.622 274.092
538.237 224.176
482.797 225.376
427.295 226.618
371.655 227.755
316.771 228.979
261.672 230.147
205.44 231.018
148.977 232.369
92.3603 233.352
523.88 189.314
471.82 190.446
419.696 191.649
367.576 192.834
315.885 194.224
264.178 194.815
211.504 195.907
158.445 196.776
105.45 197.643
511.187 158.241
462.218 159.489
413.194 160.458
363.94 161.351
315.315 162.664
266.361 163.647
216.667 164.286
166.837 165.224
116.772 165.765
500.016 130.613
453.719 131.421
407.329 133.068
360.695 134.133
314.545 135.127
268.277 135.615
221.278 136.171
174.27 137.111
127.217 137.792
489.858 105.794
445.965 106.993
402.053 107.807
357.794 109.276
313.888 109.762
269.874 110.559
225.348 111.379
180.74 111.786
136.203 112.442

modelPoints

0 0 0
0.027 0 0
0.054 0 0
0.081 0 0
0.108 0 0
0.135 0 0
0.162 0 0
0.189 0 0
0.216 0 0
0 0.027 0
0.027 0.027 0
0.054 0.027 0
0.081 0.027 0
0.108 0.027 0
0.135 0.027 0
0.162 0.027 0
0.189 0.027 0
0.216 0.027 0
0 0.054 0
0.027 0.054 0
0.054 0.054 0
0.081 0.054 0
0.108 0.054 0
0.135 0.054 0
0.162 0.054 0
0.189 0.054 0
0.216 0.054 0
0 0.081 0
0.027 0.081 0
0.054 0.081 0
0.081 0.081 0
0.108 0.081 0
0.135 0.081 0
0.162 0.081 0
0.189 0.081 0
0.216 0.081 0
0 0.108 0
0.027 0.108 0
0.054 0.108 0
0.081 0.108 0
0.108 0.108 0
0.135 0.108 0
0.162 0.108 0
0.189 0.108 0
0.216 0.108 0
0 0.135 0
0.027 0.135 0
0.054 0.135 0
0.081 0.135 0
0.108 0.135 0
0.135 0.135 0
0.162 0.135 0
0.189 0.135 0
0.216 0.135 0

group

imagePoints

469.226 356.394
407.082 328.694
350.126 303.609
297.253 280.271
248.2 258.8
202.186 238.732
158.492 219.764
117.822 201.877
79.8418 185.334
492.568 311.147
433.237 287.097
378.542 265.064
327.654 244.444
280.567 225.318
236.163 207.374
193.923 190.032
154.102 174.212
116.973 158.935
513.14 271.342
456.483 250.242
403.974 230.712
354.867 212.308
309.325 195.328
266.494 178.638
225.561 163.583
187.091 148.986
150.464 135.29
531.606 235.787
477.491 217.251
426.967 199.603
379.576 182.715
335.506 167.617
294.011 153.044
254.356 139.15
216.753 125.986
181.375 113.38
548.019 204.203
496.414 187.117
447.707 171.994
401.816 157.17
359.099 143.307
318.801 129.819
280.313 116.817
243.851 105.172
209.158 93.5395
562.599 175.683
513.178 160.722
466.474 146.474
422.113 133.311
380.593 120.484
341.462 108.448
304.03 96.8702
268.521 85.6671
234.713 75.161

modelPoints

0 0 0
0.027 0 0
0.054 0 0
0.081 0 0
0.108 0 0
0.135 0 0
0.162 0 0
0.189 0 0
0.216 0 0
0 0.027 0
0.027 0.027 0
0.054 0.027 0
0.081 0.027 0
0.108 0.027 0
0.135 0.027 0
0.162 0.027 0
0.189 0.027 0
0.216 0.027 0
0 0.054 0
0.027 0.054 0
0.054 0.054 0
0.081 0.054 0
0.108 0.054 0
0.135 0.054 0
0.162 0.054 0
0.189 0.054 0
0.216 0.054 0
0 0.081 0
0.027 0.081 0
0.054 0.081 0
0.081 0.081 0
0.108 0.081 0
0.135 0.081 0
0.162 0.081 0
0.189 0.081 0
0.216 0.081 0
0 0.108 0
0.027 0.108 0
0.054 0.108 0
0.081 0.108 0
0.108 0.108 0
0.135 0.108 0
0.162 0.108 0
0.189 0.108 0
0.216 0.108 0
0 0.135 0
0.027 0.135 0
0.054 0.135 0
0.081 0.135 0
0.108 0.135 0
0.135 0.135 0
0.162 0.135 0
0.189 0.135 0
0.216 0.135 0

result

fx
551.825
fy
515.05
cx
326
cy
270.916

# Calibration succeeded. avg re projection error = 2.34343
